asset,SK Hynix,KOSPI,Gold,USD/KRW,DXY,US semis,Mag 7
SK Hynix,1.000,0.829,0.075,-0.252,-0.068,0.138,0.088
KOSPI,0.829,1.000,0.158,-0.329,-0.009,0.081,0.033
Gold,0.075,0.158,1.000,-0.099,-0.386,0.103,-0.049
USD/KRW,-0.252,-0.329,-0.099,1.000,-0.007,0.052,0.085
DXY,-0.068,-0.009,-0.386,-0.007,1.000,-0.071,0.014
US semis,0.138,0.081,0.103,0.052,-0.071,1.000,0.697
Mag 7,0.088,0.033,-0.049,0.085,0.014,0.697,1.000
