asset,SK Hynix,KOSPI,Gold,USD/KRW,DXY,US semis,Mag 7
SK Hynix,1.000,0.654,0.049,-0.145,-0.052,0.169,0.118
KOSPI,0.654,1.000,0.076,-0.235,-0.064,0.175,0.135
Gold,0.049,0.076,1.000,-0.055,-0.388,0.058,0.028
USD/KRW,-0.145,-0.235,-0.055,1.000,0.054,0.027,0.024
DXY,-0.052,-0.064,-0.388,0.054,1.000,-0.100,-0.062
US semis,0.169,0.175,0.058,0.027,-0.100,1.000,0.804
Mag 7,0.118,0.135,0.028,0.024,-0.062,0.804,1.000
